-1.000000000000000000e+00 0.000000000000000000e+00
-9.000000000000000222e-01 0.000000000000000000e+00
-8.000000000000000444e-01 0.000000000000000000e+00
-7.000000000000000666e-01 0.000000000000000000e+00
-6.000000000000000888e-01 0.000000000000000000e+00
-5.000000000000001110e-01 0.000000000000000000e+00
-4.000000000000001332e-01 0.000000000000000000e+00
-3.000000000000001554e-01 0.000000000000000000e+00
-2.000000000000001776e-01 0.000000000000000000e+00
-1.000000000000001998e-01 0.000000000000000000e+00
-2.220446049250313081e-16 0.000000000000000000e+00
9.999999999999964473e-02 6.306813410320329235e-04
1.999999999999997335e-01 6.250000000000001214e-04
2.999999999999998224e-01 6.193717694400743346e-04
3.999999999999996891e-01 6.137962766482198520e-04
4.999999999999995559e-01 6.082731507393090509e-04
5.999999999999996447e-01 6.028020226471244572e-04
6.999999999999997335e-01 5.973825251243578775e-04
7.999999999999996003e-01 5.920142927426111585e-04
8.999999999999994671e-01 5.866969618923955363e-04
9.999999999999995559e-01 5.814301707831315280e-04
1.099999999999999645e+00 5.762135594431496907e-04
1.199999999999999289e+00 5.710467697196893204e-04
1.299999999999999378e+00 5.659294452789005118e-04
1.399999999999999467e+00 5.608612316058419903e-04
1.499999999999999556e+00 5.558417760044820875e-04
1.599999999999999645e+00 5.508707275976993918e-04
1.699999999999999289e+00 5.459477373272811221e-04
1.799999999999999378e+00 5.410724579539248624e-04
1.899999999999999467e+00 5.362445440572375863e-04
1.999999999999999112e+00 5.314636520357350060e-04
2.099999999999999201e+00 5.267294401068439583e-04
2.199999999999999289e+00 5.220415683068992596e-04
2.299999999999999378e+00 5.173996984911464168e-04
2.399999999999999467e+00 5.128034943337397844e-04
2.499999999999999112e+00 5.082526213277437565e-04
2.599999999999999201e+00 5.037467467851323337e-04
2.699999999999999289e+00 4.992855398367886891e-04
2.799999999999998934e+00 4.948686714325056021e-04
2.899999999999999023e+00 4.904958143409857835e-04
2.999999999999999112e+00 4.861666431498413337e-04
3.099999999999998757e+00 4.818808342655936882e-04
3.199999999999999289e+00 4.776380659136739973e-04
3.299999999999998934e+00 4.734380181384233426e-04
3.399999999999998579e+00 4.692803728030918160e-04
3.499999999999999112e+00 4.651648135898390612e-04
3.599999999999998757e+00 4.610910259997353039e-04
3.699999999999999289e+00 4.570586973527588043e-04
3.799999999999998934e+00 4.530675167877985668e-04
3.899999999999998579e+00 4.491171752626527147e-04
3.999999999999999112e+00 4.452073655540287602e-04
4.099999999999998757e+00 4.413377822575444186e-04
4.199999999999999289e+00 4.375081217877260353e-04
4.299999999999998934e+00 4.337180823780102668e-04
4.399999999999998579e+00 4.299673640807433216e-04
4.499999999999999112e+00 4.262556687671805269e-04
4.599999999999998757e+00 4.225827001274870868e-04
4.699999999999998401e+00 4.189481636707375408e-04
4.799999999999998934e+00 4.153517667249164683e-04
4.899999999999998579e+00 4.117932184369174587e-04
4.999999999999998224e+00 4.082722297725440330e-04
5.099999999999998757e+00 4.047885135165089389e-04
5.199999999999998401e+00 4.013417842724349639e-04
5.299999999999998934e+00 3.979317584628541227e-04
5.399999999999998579e+00 3.945581543292080899e-04
5.499999999999998224e+00 3.912206919318479302e-04
5.599999999999998757e+00 3.879190931500346934e-04
5.699999999999998401e+00 3.846530816819386566e-04
5.799999999999998934e+00 3.814223830446395944e-04
5.899999999999998579e+00 3.782267245741272673e-04
5.999999999999998224e+00 3.750658354253006083e-04
6.099999999999998757e+00 3.719394465719682652e-04
6.199999999999998401e+00 3.688472908068483836e-04
6.299999999999998046e+00 3.657891027415688238e-04
6.399999999999998579e+00 3.627646188066667270e-04
6.499999999999998224e+00 3.597735772515892202e-04
6.599999999999997868e+00 3.568157181446927114e-04
6.699999999999998401e+00 3.538907833732430524e-04
6.799999999999998046e+00 3.509985166434162972e-04
6.899999999999998579e+00 3.481386634802970223e-04
6.999999999999998224e+00 3.453109712278803318e-04
7.099999999999997868e+00 3.425151890490705023e-04
7.199999999999997513e+00 3.397510679256813084e-04
7.299999999999998934e+00 3.370183606584361852e-04
7.399999999999998579e+00 3.343168218669681740e-04
7.499999999999998224e+00 3.316462079898198139e-04
7.599999999999997868e+00 3.290062772844432504e-04
7.699999999999997513e+00 3.263967898272000724e-04
7.799999999999997158e+00 3.238175075133619091e-04
7.899999999999998579e+00 3.212681940571090740e-04
7.999999999999998224e+00 3.187486149915324087e-04
8.099999999999997868e+00 3.162585376686316563e-04
8.199999999999997513e+00 3.137977312593164371e-04
8.299999999999997158e+00 3.113659667534057610e-04
8.399999999999998579e+00 3.089630169596282983e-04
8.499999999999998224e+00 3.065886565056224339e-04
8.599999999999997868e+00 3.042426618379358337e-04
8.699999999999997513e+00 3.019248112220259328e-04
8.799999999999997158e+00 2.996348847422596637e-04
8.899999999999998579e+00 2.973726643019134570e-04
8.999999999999998224e+00 2.951379336231734580e-04
9.099999999999997868e+00 2.929304782471352556e-04
9.199999999999997513e+00 2.907500855338040449e-04
9.299999999999997158e+00 2.885965446620946274e-04
9.399999999999998579e+00 2.864696466298313022e-04
9.499999999999998224e+00 2.843691842537480292e-04
9.599999999999997868e+00 2.822949521694882117e-04
9.699999999999997513e+00 2.802467468316049135e-04
9.799999999999997158e+00 2.782243665135607506e-04
9.899999999999996803e+00 2.762276113077278910e-04
9.999999999999998224e+00 2.742562831253880546e-04
1.009999999999999787e+01 2.723101856967325134e-04
1.019999999999999751e+01 2.703891245708622002e-04
1.029999999999999716e+01 2.684929071157874910e-04
1.039999999999999680e+01 2.666213425184284225e-04
1.049999999999999822e+01 2.647742417846145834e-04
1.059999999999999787e+01 2.629514177390851145e-04
1.069999999999999751e+01 2.611526850254886544e-04
1.079999999999999716e+01 2.593778601063835023e-04
1.089999999999999680e+01 2.576267612632375092e-04
1.099999999999999645e+01 2.558992085964280783e-04
1.109999999999999787e+01 2.541950240252421650e-04
1.119999999999999751e+01 2.525140312878763308e-04
1.129999999999999716e+01 2.508560559414366349e-04
1.139999999999999680e+01 2.492209253619387973e-04
1.149999999999999645e+01 2.476084687443080357e-04
1.159999999999999787e+01 2.460185171023791741e-04
1.169999999999999751e+01 2.444509032688964799e-04
1.179999999999999716e+01 2.429054618955140982e-04
1.189999999999999680e+01 2.413820294527953465e-04
1.199999999999999645e+01 2.398804442302133924e-04
1.209999999999999787e+01 2.384005463361507117e-04
1.219999999999999751e+01 2.369421776978997661e-04
1.229999999999999716e+01 2.355051820616621354e-04
1.239999999999999680e+01 2.340894049925492228e-04
1.249999999999999645e+01 2.326946938745819290e-04
1.259999999999999787e+01 2.313208979106907070e-04
1.269999999999999751e+01 2.299678681227156974e-04
1.279999999999999716e+01 2.286354573514063487e-04
1.289999999999999680e+01 2.273235202564218786e-04
1.299999999999999645e+01 2.260319133163311378e-04
1.309999999999999609e+01 2.247604948286122855e-04
1.319999999999999751e+01 2.235091249096532494e-04
1.329999999999999716e+01 2.222776654947515097e-04
1.339999999999999680e+01 2.210659803381140169e-04
1.349999999999999645e+01 2.198739350128573280e-04
1.359999999999999609e+01 2.187013969110076876e-04
1.369999999999999751e+01 2.175482352435006755e-04
1.379999999999999716e+01 2.164143210401816132e-04
1.389999999999999680e+01 2.152995271498053744e-04
1.399999999999999645e+01 2.142037282400363304e-04
1.409999999999999609e+01 2.131268007974484861e-04
1.419999999999999574e+01 2.120686231275252900e-04
1.429999999999999716e+01 2.110290753546599323e-04
1.439999999999999680e+01 2.100080394221551282e-04
1.449999999999999645e+01 2.090053990922229824e-04
1.459999999999999609e+01 2.080210399459854226e-04
1.469999999999999574e+01 2.070548493834737660e-04
1.479999999999999716e+01 2.061067166236289631e-04
1.489999999999999680e+01 2.051765327043015164e-04
1.499999999999999645e+01 2.042641904822515349e-04
1.509999999999999787e+01 2.033695846331485711e-04
1.519999999999999574e+01 2.024926116515719462e-04
1.529999999999999716e+01 2.016331698510103170e-04
1.539999999999999503e+01 2.007911593638621631e-04
1.549999999999999645e+01 1.999664821414352453e-04
1.559999999999999787e+01 1.991590419539471474e-04
1.569999999999999574e+01 1.983687443905248968e-04
1.579999999999999716e+01 1.975954968592049917e-04
1.589999999999999503e+01 1.968392085869337805e-04
1.599999999999999645e+01 1.960997906195668385e-04
1.609999999999999787e+01 1.953771558218695911e-04
1.619999999999999574e+01 1.946712188775169073e-04
1.629999999999999716e+01 1.939818962890930997e-04
1.639999999999999503e+01 1.933091063780923585e-04
1.649999999999999645e+01 1.926527692849181004e-04
1.659999999999999432e+01 1.920128069688835923e-04
1.669999999999999574e+01 1.913891432082114909e-04
1.679999999999999716e+01 1.907817036000340315e-04
1.689999999999999503e+01 1.901904155603931104e-04
1.699999999999999645e+01 1.896152083242401486e-04
1.709999999999999432e+01 1.890560129454360919e-04
1.719999999999999574e+01 1.885127622967514385e-04
1.729999999999999716e+01 1.879853910698663739e-04
1.739999999999999503e+01 1.874738357753705546e-04
1.749999999999999645e+01 1.869780347427632159e-04
1.759999999999999432e+01 1.864979281204531727e-04
1.769999999999999574e+01 1.860334578757587374e-04
1.779999999999999716e+01 1.855845677949079643e-04
1.789999999999999503e+01 1.851512034830382972e-04
1.799999999999999645e+01 1.847333123641968402e-04
1.809999999999999432e+01 1.843308436813402226e-04
1.819999999999999574e+01 1.839437484963345984e-04
1.829999999999999716e+01 1.835719796899558365e-04
1.839999999999999503e+01 1.832154919618892493e-04
1.849999999999999645e+01 1.828742418307297555e-04
1.859999999999999432e+01 1.825481876339817987e-04
1.869999999999999574e+01 1.822372895280594560e-04
1.879999999999999716e+01 1.819415094882862751e-04
1.889999999999999503e+01 1.816608113088955185e-04
1.899999999999999645e+01 1.813951606030299194e-04
1.909999999999999432e+01 1.811445248027417629e-04
1.919999999999999574e+01 1.809088731589929137e-04
1.929999999999999716e+01 1.806881767416548422e-04
1.939999999999999503e+01 1.804824084395085441e-04
1.949999999999999645e+01 1.802915429602445943e-04
1.959999999999999432e+01 1.801155568304631466e-04
1.969999999999999574e+01 1.799544283956739342e-04
1.979999999999999716e+01 1.798081378202961880e-04
1.989999999999999503e+01 1.796766670876587995e-04
1.999999999999999645e+01 1.795600000000001579e-04
2.009999999999999432e+01 1.794581221784682316e-04
2.019999999999999574e+01 1.793710210631205954e-04
2.029999999999999361e+01 1.792986859129243218e-04
2.039999999999999503e+01 1.792411078057561168e-04
2.049999999999999645e+01 1.791982796384022382e-04
2.059999999999999432e+01 1.791701961265584691e-04
2.069999999999999574e+01 1.791568538048302257e-04
2.079999999999999361e+01 1.791582510267324222e-04
2.089999999999999503e+01 1.791743879646896060e-04
2.099999999999999645e+01 1.792052666100357955e-04
2.109999999999999432e+01 1.792508907730146694e-04
2.119999999999999574e+01 1.793112660827794584e-04
2.129999999999999361e+01 1.793863999873929183e-04
2.139999999999999503e+01 1.794763017538273840e-04
2.149999999999999645e+01 1.795809824679648779e-04
2.159999999999999432e+01 1.797004550345967036e-04
2.169999999999999574e+01 1.798347341774240147e-04
2.179999999999999361e+01 1.799838364390574086e-04
2.189999999999999503e+01 1.801477801810170618e-04
2.199999999999999645e+01 1.803265855837327841e-04
2.209999999999999432e+01 1.805202746465437748e-04
2.219999999999999574e+01 1.807288711876989479e-04
2.229999999999999361e+01 1.809524008443567965e-04
2.239999999999999503e+01 1.811908910725853388e-04
2.249999999999999645e+01 1.814443711473620905e-04
2.259999999999999432e+01 1.817128721625742554e-04
2.269999999999999574e+01 1.819964270310185075e-04
2.279999999999999361e+01 1.822950704844011817e-04
2.289999999999999503e+01 1.826088390733380834e-04
2.299999999999999289e+01 1.829377711673546244e-04
2.309999999999999432e+01 1.832819069548858226e-04
2.319999999999999574e+01 1.836412884432761939e-04
2.329999999999999361e+01 1.840159594587798333e-04
2.339999999999999503e+01 1.844059656465605235e-04
2.349999999999999289e+01 1.848113544706913821e-04
2.359999999999999432e+01 1.852321752141552688e-04
2.369999999999999574e+01 1.856684789788446495e-04
2.379999999999999361e+01 1.861203186855613523e-04
2.389999999999999503e+01 1.865877490740170015e-04
2.399999999999999289e+01 1.870708267028325564e-04
2.409999999999999432e+01 1.875696099495387996e-04
2.419999999999999574e+01 1.880841590105758216e-04
2.429999999999999361e+01 1.886145359012934820e-04
2.439999999999999503e+01 1.891608044559511381e-04
2.449999999999999289e+01 1.897230303277176451e-04
2.459999999999999432e+01 1.903012809886715730e-04
2.469999999999999574e+01 1.908956257298009352e-04
2.479999999999999361e+01 1.915061356610032702e-04
2.489999999999999503e+01 1.921328837110858583e-04
2.499999999999999289e+01 1.927759446277653964e-04
2.509999999999999432e+01 1.934353949776682416e-04
2.519999999999999574e+01 1.941113131463302220e-04
2.529999999999999361e+01 1.948037793381968803e-04
2.539999999999999503e+01 1.955128755766231215e-04
2.549999999999999289e+01 1.962386857038736195e-04
2.559999999999999432e+01 1.969812953811225190e-04
2.569999999999999574e+01 1.977407920884534354e-04
2.579999999999999361e+01 1.985172651248597801e-04
2.589999999999999503e+01 1.993108056082442997e-04
2.599999999999999289e+01 2.001215064754195098e-04
2.609999999999999432e+01 2.009494624821073694e-04
2.619999999999999574e+01 2.017947702029393897e-04
2.629999999999999361e+01 2.026575280314566341e-04
2.639999999999999503e+01 2.035378361801099348e-04
2.649999999999999289e+01 2.044357966802594318e-04
2.659999999999999432e+01 2.053515133821750074e-04
2.669999999999999218e+01 2.062850919550360414e-04
2.679999999999999361e+01 2.072366398869314387e-04
2.689999999999999503e+01 2.082062664848597375e-04
2.699999999999999289e+01 2.091940828747290010e-04
2.709999999999999432e+01 2.102002020013569528e-04
2.719999999999999218e+01 2.112247386284707060e-04
2.729999999999999361e+01 2.122678093387071697e-04
2.739999999999999503e+01 2.133295325336126425e-04
2.749999999999999289e+01 2.144100284336430289e-04
2.759999999999999432e+01 2.155094190781638131e-04
2.769999999999999218e+01 2.166278283254500039e-04
2.779999999999999361e+01 2.177653818526863248e-04
2.789999999999999503e+01 2.189222071559669702e-04
2.799999999999999289e+01 2.200984335502955238e-04
2.809999999999999432e+01 2.212941921695854737e-04
2.819999999999999218e+01 2.225096159666595892e-04
2.829999999999999361e+01 2.237448397132504895e-04
2.839999999999999503e+01 2.250000000000000481e-04
2.849999999999999289e+01 2.262752352364597985e-04
2.859999999999999432e+01 2.275706856510910706e-04
2.869999999999999218e+01 4.000000000000000192e-04
2.879999999999999361e+01 4.000000000000000192e-04
2.889999999999999503e+01 4.000000000000000192e-04
2.899999999999999289e+01 4.000000000000000192e-04
2.909999999999999432e+01 4.000000000000000192e-04
2.919999999999999218e+01 4.000000000000000192e-04
2.929999999999999361e+01 4.000000000000000192e-04
2.939999999999999147e+01 4.000000000000000192e-04
2.949999999999999289e+01 4.000000000000000192e-04
2.959999999999999432e+01 4.000000000000000192e-04
2.969999999999999218e+01 4.000000000000000192e-04
2.979999999999999361e+01 4.000000000000000192e-04
2.989999999999999147e+01 4.000000000000000192e-04
2.999999999999999289e+01 4.000000000000000192e-04
3.009999999999999432e+01 4.000000000000000192e-04
3.019999999999999218e+01 4.000000000000000192e-04
3.029999999999999361e+01 4.000000000000000192e-04
3.039999999999999147e+01 4.000000000000000192e-04
3.049999999999999289e+01 4.000000000000000192e-04
3.059999999999999432e+01 4.000000000000000192e-04
3.069999999999999218e+01 4.000000000000000192e-04
3.079999999999999361e+01 4.000000000000000192e-04
3.089999999999999147e+01 4.000000000000000192e-04
3.099999999999999289e+01 4.000000000000000192e-04
3.109999999999999432e+01 4.000000000000000192e-04
3.119999999999999574e+01 4.000000000000000192e-04
3.129999999999999005e+01 4.000000000000000192e-04
3.139999999999999147e+01 4.000000000000000192e-04
3.149999999999999289e+01 4.000000000000000192e-04
3.159999999999999432e+01 4.000000000000000192e-04
3.169999999999999574e+01 4.000000000000000192e-04
3.179999999999999005e+01 4.000000000000000192e-04
3.189999999999999147e+01 4.000000000000000192e-04
3.199999999999999289e+01 4.000000000000000192e-04
3.209999999999999432e+01 4.000000000000000192e-04
3.219999999999999574e+01 4.000000000000000192e-04
3.229999999999999005e+01 4.000000000000000192e-04
3.239999999999999147e+01 4.000000000000000192e-04
3.249999999999999289e+01 4.000000000000000192e-04
3.259999999999999432e+01 4.000000000000000192e-04
3.269999999999999574e+01 4.000000000000000192e-04
3.279999999999999005e+01 4.000000000000000192e-04
3.289999999999999147e+01 4.000000000000000192e-04
3.299999999999999289e+01 4.000000000000000192e-04
3.309999999999999432e+01 4.000000000000000192e-04
3.319999999999999574e+01 4.000000000000000192e-04
3.329999999999999005e+01 4.000000000000000192e-04
3.339999999999999147e+01 4.000000000000000192e-04
3.349999999999999289e+01 4.000000000000000192e-04
3.359999999999999432e+01 4.000000000000000192e-04
3.369999999999999574e+01 4.000000000000000192e-04
3.379999999999999005e+01 4.000000000000000192e-04
3.389999999999999147e+01 4.000000000000000192e-04
3.399999999999999289e+01 4.000000000000000192e-04
3.409999999999999432e+01 4.000000000000000192e-04
3.419999999999998863e+01 4.000000000000000192e-04
3.429999999999999005e+01 4.000000000000000192e-04
3.439999999999999147e+01 4.000000000000000192e-04
3.449999999999999289e+01 4.000000000000000192e-04
3.459999999999999432e+01 4.000000000000000192e-04
3.469999999999998863e+01 4.000000000000000192e-04
3.479999999999999005e+01 4.000000000000000192e-04
3.489999999999999147e+01 4.000000000000000192e-04
3.499999999999999289e+01 4.000000000000000192e-04
3.509999999999999432e+01 4.000000000000000192e-04
3.519999999999998863e+01 4.000000000000000192e-04
3.529999999999999005e+01 4.000000000000000192e-04
3.539999999999999147e+01 4.000000000000000192e-04
3.549999999999999289e+01 4.000000000000000192e-04
3.559999999999999432e+01 4.000000000000000192e-04
3.569999999999998863e+01 4.000000000000000192e-04
3.579999999999999005e+01 4.000000000000000192e-04
3.589999999999999147e+01 4.000000000000000192e-04
3.599999999999999289e+01 4.000000000000000192e-04
3.609999999999999432e+01 4.000000000000000192e-04
3.619999999999998863e+01 4.000000000000000192e-04
3.629999999999999005e+01 4.000000000000000192e-04
3.639999999999999147e+01 4.000000000000000192e-04
3.649999999999999289e+01 4.000000000000000192e-04
3.659999999999999432e+01 4.000000000000000192e-04
3.669999999999998863e+01 4.000000000000000192e-04
3.679999999999999005e+01 4.000000000000000192e-04
3.689999999999999147e+01 4.000000000000000192e-04
3.699999999999999289e+01 4.000000000000000192e-04
3.709999999999999432e+01 4.000000000000000192e-04
3.719999999999998863e+01 4.000000000000000192e-04
3.729999999999999005e+01 4.000000000000000192e-04
3.739999999999999147e+01 4.000000000000000192e-04
3.749999999999999289e+01 4.000000000000000192e-04
3.759999999999999432e+01 4.000000000000000192e-04
3.769999999999998863e+01 4.000000000000000192e-04
3.779999999999999005e+01 4.000000000000000192e-04
3.789999999999999147e+01 4.000000000000000192e-04
3.799999999999999289e+01 4.000000000000000192e-04
3.809999999999999432e+01 4.000000000000000192e-04
3.819999999999998863e+01 4.000000000000000192e-04
3.829999999999999005e+01 4.000000000000000192e-04
3.839999999999999147e+01 4.000000000000000192e-04
3.849999999999999289e+01 4.000000000000000192e-04
3.859999999999999432e+01 4.000000000000000192e-04
3.869999999999998863e+01 4.000000000000000192e-04
3.879999999999999005e+01 4.000000000000000192e-04
3.889999999999999147e+01 4.000000000000000192e-04
3.899999999999999289e+01 4.000000000000000192e-04
3.909999999999999432e+01 4.000000000000000192e-04
3.919999999999998863e+01 4.000000000000000192e-04
3.929999999999999005e+01 4.000000000000000192e-04
3.939999999999999147e+01 4.000000000000000192e-04
3.949999999999999289e+01 4.000000000000000192e-04
3.959999999999999432e+01 4.000000000000000192e-04
3.969999999999998863e+01 4.000000000000000192e-04
3.979999999999999005e+01 4.000000000000000192e-04
3.989999999999999147e+01 4.000000000000000192e-04
3.999999999999999289e+01 4.000000000000000192e-04
4.009999999999999432e+01 4.000000000000000192e-04
4.019999999999998863e+01 4.000000000000000192e-04
4.029999999999999005e+01 4.000000000000000192e-04
4.039999999999999147e+01 4.000000000000000192e-04
4.049999999999999289e+01 4.000000000000000192e-04
4.059999999999999432e+01 4.000000000000000192e-04
4.069999999999998863e+01 4.000000000000000192e-04
4.079999999999999005e+01 4.000000000000000192e-04
4.089999999999999147e+01 4.000000000000000192e-04
4.099999999999999289e+01 4.000000000000000192e-04
4.109999999999998721e+01 4.000000000000000192e-04
4.119999999999998863e+01 4.000000000000000192e-04
4.129999999999999005e+01 4.000000000000000192e-04
4.139999999999999147e+01 4.000000000000000192e-04
4.149999999999999289e+01 4.000000000000000192e-04
4.159999999999998721e+01 4.000000000000000192e-04
4.169999999999998863e+01 4.000000000000000192e-04
4.179999999999999005e+01 4.000000000000000192e-04
4.189999999999999147e+01 4.000000000000000192e-04
4.199999999999999289e+01 4.000000000000000192e-04
4.209999999999998721e+01 4.000000000000000192e-04
4.219999999999998863e+01 4.000000000000000192e-04
4.229999999999999005e+01 4.000000000000000192e-04
4.239999999999999147e+01 4.000000000000000192e-04
4.249999999999999289e+01 4.000000000000000192e-04
4.259999999999998721e+01 4.000000000000000192e-04
4.269999999999998863e+01 4.000000000000000192e-04
4.279999999999999005e+01 4.000000000000000192e-04
4.289999999999999147e+01 4.000000000000000192e-04
4.299999999999999289e+01 4.000000000000000192e-04
4.309999999999998721e+01 4.000000000000000192e-04
4.319999999999998863e+01 4.000000000000000192e-04
4.329999999999999005e+01 4.000000000000000192e-04
4.339999999999999147e+01 4.000000000000000192e-04
4.349999999999999289e+01 4.000000000000000192e-04
4.359999999999998721e+01 4.000000000000000192e-04
4.369999999999998863e+01 4.000000000000000192e-04
4.379999999999999005e+01 4.000000000000000192e-04
4.389999999999999147e+01 4.000000000000000192e-04
4.399999999999999289e+01 4.000000000000000192e-04
4.409999999999998721e+01 4.000000000000000192e-04
4.419999999999998863e+01 4.000000000000000192e-04
4.429999999999999005e+01 4.000000000000000192e-04
4.439999999999999147e+01 4.000000000000000192e-04
4.449999999999999289e+01 4.000000000000000192e-04
4.459999999999998721e+01 4.000000000000000192e-04
4.469999999999998863e+01 4.000000000000000192e-04
4.479999999999999005e+01 4.000000000000000192e-04
4.489999999999999147e+01 4.000000000000000192e-04
4.499999999999999289e+01 4.000000000000000192e-04
4.509999999999998721e+01 4.000000000000000192e-04
4.519999999999998863e+01 4.000000000000000192e-04
4.529999999999999005e+01 4.000000000000000192e-04
4.539999999999999147e+01 4.000000000000000192e-04
4.549999999999999289e+01 4.000000000000000192e-04
4.559999999999998721e+01 4.000000000000000192e-04
4.569999999999998863e+01 4.000000000000000192e-04
4.579999999999999005e+01 4.000000000000000192e-04
4.589999999999999147e+01 4.000000000000000192e-04
4.599999999999999289e+01 4.000000000000000192e-04
4.609999999999998721e+01 4.000000000000000192e-04
4.619999999999998863e+01 4.000000000000000192e-04
4.629999999999999005e+01 4.000000000000000192e-04
4.639999999999999147e+01 4.000000000000000192e-04
4.649999999999999289e+01 4.000000000000000192e-04
4.659999999999998721e+01 4.000000000000000192e-04
4.669999999999998863e+01 4.000000000000000192e-04
4.679999999999999005e+01 4.000000000000000192e-04
4.689999999999999147e+01 4.000000000000000192e-04
4.699999999999998579e+01 4.000000000000000192e-04
4.709999999999998721e+01 4.000000000000000192e-04
4.719999999999998863e+01 4.000000000000000192e-04
4.729999999999999005e+01 4.000000000000000192e-04
4.739999999999999147e+01 4.000000000000000192e-04
4.749999999999998579e+01 4.000000000000000192e-04
4.759999999999998721e+01 4.000000000000000192e-04
4.769999999999998863e+01 4.000000000000000192e-04
4.779999999999999005e+01 4.000000000000000192e-04
4.789999999999999147e+01 4.000000000000000192e-04
4.799999999999998579e+01 4.000000000000000192e-04
4.809999999999998721e+01 4.000000000000000192e-04
4.819999999999998863e+01 4.000000000000000192e-04
4.829999999999999005e+01 4.000000000000000192e-04
4.839999999999999147e+01 4.000000000000000192e-04
4.849999999999998579e+01 4.000000000000000192e-04
4.859999999999998721e+01 4.000000000000000192e-04
4.869999999999998863e+01 4.000000000000000192e-04
4.879999999999999005e+01 4.000000000000000192e-04
4.889999999999999147e+01 4.000000000000000192e-04
4.899999999999998579e+01 4.000000000000000192e-04
4.909999999999998721e+01 4.000000000000000192e-04
4.919999999999998863e+01 4.000000000000000192e-04
4.929999999999999005e+01 4.000000000000000192e-04
4.939999999999999147e+01 4.000000000000000192e-04
4.949999999999998579e+01 4.000000000000000192e-04
4.959999999999998721e+01 4.000000000000000192e-04
4.969999999999998863e+01 4.000000000000000192e-04
4.979999999999999005e+01 4.000000000000000192e-04
4.989999999999999147e+01 4.000000000000000192e-04
4.999999999999998579e+01 4.000000000000000192e-04
5.009999999999998721e+01 4.000000000000000192e-04
5.019999999999998863e+01 4.000000000000000192e-04
5.029999999999999005e+01 4.000000000000000192e-04
5.039999999999999147e+01 4.000000000000000192e-04
5.049999999999998579e+01 4.000000000000000192e-04
5.059999999999998721e+01 4.000000000000000192e-04
5.069999999999998863e+01 4.000000000000000192e-04
5.079999999999999005e+01 4.000000000000000192e-04
5.089999999999999147e+01 4.000000000000000192e-04
5.099999999999998579e+01 4.000000000000000192e-04
5.109999999999998721e+01 4.000000000000000192e-04
5.119999999999998863e+01 4.000000000000000192e-04
5.129999999999999005e+01 4.000000000000000192e-04
5.139999999999999147e+01 4.000000000000000192e-04
5.149999999999998579e+01 4.000000000000000192e-04
5.159999999999998721e+01 4.000000000000000192e-04
5.169999999999998863e+01 4.000000000000000192e-04
5.179999999999999005e+01 4.000000000000000192e-04
5.189999999999999147e+01 4.000000000000000192e-04
5.199999999999998579e+01 4.000000000000000192e-04
5.209999999999998721e+01 4.000000000000000192e-04
5.219999999999998863e+01 4.000000000000000192e-04
5.229999999999999005e+01 4.000000000000000192e-04
5.239999999999999147e+01 4.000000000000000192e-04
5.249999999999998579e+01 4.000000000000000192e-04
5.259999999999998721e+01 4.000000000000000192e-04
5.269999999999998863e+01 4.000000000000000192e-04
5.279999999999999005e+01 4.000000000000000192e-04
5.289999999999999147e+01 4.000000000000000192e-04
5.299999999999998579e+01 4.000000000000000192e-04
5.309999999999998721e+01 4.000000000000000192e-04
5.319999999999998863e+01 4.000000000000000192e-04
5.329999999999999005e+01 4.000000000000000192e-04
5.339999999999999147e+01 4.000000000000000192e-04
5.349999999999998579e+01 4.000000000000000192e-04
5.359999999999998721e+01 4.000000000000000192e-04
5.369999999999998863e+01 4.000000000000000192e-04
5.379999999999999005e+01 4.000000000000000192e-04
5.389999999999998437e+01 4.000000000000000192e-04
5.399999999999998579e+01 4.000000000000000192e-04
5.409999999999998721e+01 4.000000000000000192e-04
5.419999999999998863e+01 4.000000000000000192e-04
5.429999999999999005e+01 4.000000000000000192e-04
5.439999999999998437e+01 4.000000000000000192e-04
5.449999999999998579e+01 4.000000000000000192e-04
5.459999999999998721e+01 4.000000000000000192e-04
5.469999999999998863e+01 4.000000000000000192e-04
5.479999999999999005e+01 4.000000000000000192e-04
5.489999999999998437e+01 4.000000000000000192e-04
5.499999999999998579e+01 4.000000000000000192e-04
5.509999999999998721e+01 4.000000000000000192e-04
5.519999999999998863e+01 4.000000000000000192e-04
5.529999999999999005e+01 4.000000000000000192e-04
5.539999999999998437e+01 4.000000000000000192e-04
5.549999999999998579e+01 4.000000000000000192e-04
5.559999999999998721e+01 4.000000000000000192e-04
5.569999999999998863e+01 4.000000000000000192e-04
5.579999999999999005e+01 4.000000000000000192e-04
5.589999999999998437e+01 4.000000000000000192e-04
5.599999999999998579e+01 4.000000000000000192e-04
5.609999999999998721e+01 4.000000000000000192e-04
5.619999999999998863e+01 4.000000000000000192e-04
5.629999999999999005e+01 4.000000000000000192e-04
5.639999999999998437e+01 4.000000000000000192e-04
5.649999999999998579e+01 4.000000000000000192e-04
5.659999999999998721e+01 4.000000000000000192e-04
5.669999999999998863e+01 4.000000000000000192e-04
5.679999999999999005e+01 4.000000000000000192e-04
5.689999999999998437e+01 4.000000000000000192e-04
5.699999999999998579e+01 4.000000000000000192e-04
5.709999999999998721e+01 4.000000000000000192e-04
5.719999999999998863e+01 4.000000000000000192e-04
5.729999999999999005e+01 4.000000000000000192e-04
5.739999999999998437e+01 4.000000000000000192e-04
5.749999999999998579e+01 4.000000000000000192e-04
5.759999999999998721e+01 4.000000000000000192e-04
5.769999999999998863e+01 4.000000000000000192e-04
5.779999999999999005e+01 4.000000000000000192e-04
5.789999999999998437e+01 4.000000000000000192e-04
5.799999999999998579e+01 4.000000000000000192e-04
5.809999999999998721e+01 4.000000000000000192e-04
5.819999999999998863e+01 4.000000000000000192e-04
5.829999999999999005e+01 4.000000000000000192e-04
5.839999999999998437e+01 4.000000000000000192e-04
5.849999999999998579e+01 4.000000000000000192e-04
5.859999999999998721e+01 4.000000000000000192e-04
5.869999999999998863e+01 4.000000000000000192e-04
5.879999999999999005e+01 4.000000000000000192e-04
5.889999999999998437e+01 4.000000000000000192e-04
5.899999999999998579e+01 4.000000000000000192e-04
5.909999999999998721e+01 4.000000000000000192e-04
5.919999999999998863e+01 4.000000000000000192e-04
5.929999999999999005e+01 4.000000000000000192e-04
5.939999999999998437e+01 4.000000000000000192e-04
5.949999999999998579e+01 4.000000000000000192e-04
5.959999999999998721e+01 4.000000000000000192e-04
5.969999999999998863e+01 4.000000000000000192e-04
5.979999999999998295e+01 4.000000000000000192e-04
5.989999999999998437e+01 4.000000000000000192e-04
5.999999999999998579e+01 4.000000000000000192e-04
6.009999999999998721e+01 4.000000000000000192e-04
6.019999999999998863e+01 4.000000000000000192e-04
6.029999999999998295e+01 4.000000000000000192e-04
6.039999999999998437e+01 4.000000000000000192e-04
6.049999999999998579e+01 4.000000000000000192e-04
6.059999999999998721e+01 4.000000000000000192e-04
6.069999999999998863e+01 4.000000000000000192e-04
6.079999999999998295e+01 4.000000000000000192e-04
6.089999999999998437e+01 4.000000000000000192e-04
6.099999999999998579e+01 4.000000000000000192e-04
6.109999999999998721e+01 4.000000000000000192e-04
6.119999999999998863e+01 4.000000000000000192e-04
6.129999999999998295e+01 4.000000000000000192e-04
6.139999999999998437e+01 4.000000000000000192e-04
6.149999999999998579e+01 4.000000000000000192e-04
6.159999999999998721e+01 4.000000000000000192e-04
6.169999999999998863e+01 4.000000000000000192e-04
6.179999999999998295e+01 4.000000000000000192e-04
6.189999999999998437e+01 4.000000000000000192e-04
6.199999999999998579e+01 4.000000000000000192e-04
6.209999999999998721e+01 4.000000000000000192e-04
6.219999999999998863e+01 4.000000000000000192e-04
6.229999999999998295e+01 4.000000000000000192e-04
6.239999999999998437e+01 4.000000000000000192e-04
6.249999999999998579e+01 4.000000000000000192e-04
6.259999999999998721e+01 4.000000000000000192e-04
6.269999999999998863e+01 4.000000000000000192e-04
6.279999999999998295e+01 4.000000000000000192e-04
6.289999999999998437e+01 4.000000000000000192e-04
6.299999999999998579e+01 4.000000000000000192e-04
6.309999999999998010e+01 4.000000000000000192e-04
6.319999999999998863e+01 4.000000000000000192e-04
6.329999999999998295e+01 4.000000000000000192e-04
6.339999999999999147e+01 4.000000000000000192e-04
6.349999999999998579e+01 4.000000000000000192e-04
6.359999999999998010e+01 4.000000000000000192e-04
6.369999999999998863e+01 4.000000000000000192e-04
6.379999999999998295e+01 4.000000000000000192e-04
6.389999999999999147e+01 4.000000000000000192e-04
6.399999999999998579e+01 4.000000000000000192e-04
6.409999999999998010e+01 4.000000000000000192e-04
6.419999999999998863e+01 4.000000000000000192e-04
6.429999999999998295e+01 4.000000000000000192e-04
6.439999999999999147e+01 4.000000000000000192e-04
6.449999999999998579e+01 4.000000000000000192e-04
6.459999999999998010e+01 4.000000000000000192e-04
6.469999999999998863e+01 4.000000000000000192e-04
6.479999999999998295e+01 4.000000000000000192e-04
6.489999999999999147e+01 4.000000000000000192e-04
6.499999999999998579e+01 4.000000000000000192e-04
6.509999999999998010e+01 4.000000000000000192e-04
6.519999999999998863e+01 4.000000000000000192e-04
6.529999999999998295e+01 4.000000000000000192e-04
6.539999999999999147e+01 4.000000000000000192e-04
6.549999999999998579e+01 4.000000000000000192e-04
6.559999999999998010e+01 4.000000000000000192e-04
6.569999999999998863e+01 4.000000000000000192e-04
6.579999999999998295e+01 4.000000000000000192e-04
6.589999999999999147e+01 4.000000000000000192e-04
6.599999999999998579e+01 4.000000000000000192e-04
6.609999999999998010e+01 4.000000000000000192e-04
6.619999999999998863e+01 4.000000000000000192e-04
6.629999999999998295e+01 4.000000000000000192e-04
6.639999999999999147e+01 4.000000000000000192e-04
6.649999999999998579e+01 4.000000000000000192e-04
6.659999999999998010e+01 4.000000000000000192e-04
6.669999999999998863e+01 4.000000000000000192e-04
6.679999999999998295e+01 4.000000000000000192e-04
6.689999999999999147e+01 4.000000000000000192e-04
6.699999999999998579e+01 4.000000000000000192e-04
6.709999999999998010e+01 4.000000000000000192e-04
6.719999999999998863e+01 4.000000000000000192e-04
6.729999999999998295e+01 4.000000000000000192e-04
6.739999999999999147e+01 4.000000000000000192e-04
6.749999999999998579e+01 4.000000000000000192e-04
6.759999999999998010e+01 4.000000000000000192e-04
6.769999999999998863e+01 4.000000000000000192e-04
6.779999999999998295e+01 4.000000000000000192e-04
6.789999999999999147e+01 4.000000000000000192e-04
6.799999999999998579e+01 4.000000000000000192e-04
6.809999999999998010e+01 4.000000000000000192e-04
6.819999999999998863e+01 4.000000000000000192e-04
6.829999999999998295e+01 4.000000000000000192e-04
6.839999999999999147e+01 4.000000000000000192e-04
6.849999999999998579e+01 4.000000000000000192e-04
6.859999999999998010e+01 4.000000000000000192e-04
6.869999999999998863e+01 4.000000000000000192e-04
6.879999999999998295e+01 4.000000000000000192e-04
6.889999999999999147e+01 4.000000000000000192e-04
6.899999999999998579e+01 4.000000000000000192e-04
6.909999999999998010e+01 4.000000000000000192e-04
6.919999999999998863e+01 4.000000000000000192e-04
6.929999999999998295e+01 4.000000000000000192e-04
6.939999999999997726e+01 4.000000000000000192e-04
6.949999999999998579e+01 4.000000000000000192e-04
6.959999999999998010e+01 4.000000000000000192e-04
6.969999999999998863e+01 4.000000000000000192e-04
6.979999999999998295e+01 4.000000000000000192e-04
6.989999999999997726e+01 4.000000000000000192e-04
6.999999999999998579e+01 4.000000000000000192e-04
7.009999999999998010e+01 4.000000000000000192e-04
7.019999999999998863e+01 4.000000000000000192e-04
7.029999999999998295e+01 4.000000000000000192e-04
7.039999999999997726e+01 4.000000000000000192e-04
7.049999999999998579e+01 4.000000000000000192e-04
7.059999999999998010e+01 4.000000000000000192e-04
7.069999999999998863e+01 4.000000000000000192e-04
7.079999999999998295e+01 4.000000000000000192e-04
7.089999999999997726e+01 4.000000000000000192e-04
7.099999999999998579e+01 4.000000000000000192e-04
7.109999999999998010e+01 4.000000000000000192e-04
7.119999999999998863e+01 4.000000000000000192e-04
7.129999999999998295e+01 4.000000000000000192e-04
7.139999999999997726e+01 4.000000000000000192e-04
7.149999999999998579e+01 4.000000000000000192e-04
7.159999999999998010e+01 4.000000000000000192e-04
7.169999999999998863e+01 4.000000000000000192e-04
7.179999999999998295e+01 4.000000000000000192e-04
7.189999999999997726e+01 4.000000000000000192e-04
7.199999999999998579e+01 4.000000000000000192e-04
7.209999999999998010e+01 4.000000000000000192e-04
7.219999999999998863e+01 4.000000000000000192e-04
7.229999999999998295e+01 4.000000000000000192e-04
7.239999999999997726e+01 4.000000000000000192e-04
7.249999999999998579e+01 4.000000000000000192e-04
7.259999999999998010e+01 4.000000000000000192e-04
7.269999999999998863e+01 4.000000000000000192e-04
7.279999999999998295e+01 4.000000000000000192e-04
7.289999999999997726e+01 4.000000000000000192e-04
7.299999999999998579e+01 4.000000000000000192e-04
7.309999999999998010e+01 4.000000000000000192e-04
7.319999999999998863e+01 4.000000000000000192e-04
7.329999999999998295e+01 4.000000000000000192e-04
7.339999999999997726e+01 4.000000000000000192e-04
7.349999999999998579e+01 4.000000000000000192e-04
7.359999999999998010e+01 4.000000000000000192e-04
7.369999999999998863e+01 4.000000000000000192e-04
7.379999999999998295e+01 4.000000000000000192e-04
7.389999999999997726e+01 4.000000000000000192e-04
7.399999999999998579e+01 4.000000000000000192e-04
7.409999999999998010e+01 4.000000000000000192e-04
7.419999999999998863e+01 4.000000000000000192e-04
7.429999999999998295e+01 4.000000000000000192e-04
7.439999999999997726e+01 4.000000000000000192e-04
7.449999999999998579e+01 4.000000000000000192e-04
7.459999999999998010e+01 4.000000000000000192e-04
7.469999999999998863e+01 4.000000000000000192e-04
7.479999999999998295e+01 4.000000000000000192e-04
7.489999999999997726e+01 4.000000000000000192e-04
7.499999999999998579e+01 4.000000000000000192e-04
7.509999999999998010e+01 4.000000000000000192e-04
7.519999999999998863e+01 4.000000000000000192e-04
7.529999999999998295e+01 4.000000000000000192e-04
7.539999999999997726e+01 4.000000000000000192e-04
7.549999999999998579e+01 4.000000000000000192e-04
7.559999999999998010e+01 4.000000000000000192e-04
7.569999999999998863e+01 4.000000000000000192e-04
7.579999999999998295e+01 4.000000000000000192e-04
7.589999999999997726e+01 4.000000000000000192e-04
7.599999999999998579e+01 4.000000000000000192e-04
7.609999999999998010e+01 4.000000000000000192e-04
7.619999999999998863e+01 4.000000000000000192e-04
7.629999999999998295e+01 4.000000000000000192e-04
7.639999999999997726e+01 4.000000000000000192e-04
7.649999999999998579e+01 4.000000000000000192e-04
7.659999999999998010e+01 4.000000000000000192e-04
7.669999999999998863e+01 4.000000000000000192e-04
7.679999999999998295e+01 4.000000000000000192e-04
7.689999999999997726e+01 4.000000000000000192e-04
7.699999999999998579e+01 4.000000000000000192e-04
7.709999999999998010e+01 4.000000000000000192e-04
7.719999999999998863e+01 4.000000000000000192e-04
7.729999999999998295e+01 4.000000000000000192e-04
7.739999999999997726e+01 4.000000000000000192e-04
7.749999999999998579e+01 4.000000000000000192e-04
7.759999999999998010e+01 4.000000000000000192e-04
7.769999999999998863e+01 4.000000000000000192e-04
7.779999999999998295e+01 4.000000000000000192e-04
7.789999999999997726e+01 4.000000000000000192e-04
7.799999999999998579e+01 4.000000000000000192e-04
7.809999999999998010e+01 4.000000000000000192e-04
7.819999999999998863e+01 4.000000000000000192e-04
7.829999999999998295e+01 4.000000000000000192e-04
7.839999999999997726e+01 4.000000000000000192e-04
7.849999999999998579e+01 4.000000000000000192e-04
7.859999999999998010e+01 4.000000000000000192e-04
7.869999999999998863e+01 4.000000000000000192e-04
7.879999999999998295e+01 4.000000000000000192e-04
7.889999999999997726e+01 4.000000000000000192e-04
7.899999999999998579e+01 4.000000000000000192e-04
7.909999999999998010e+01 4.000000000000000192e-04
7.919999999999998863e+01 4.000000000000000192e-04
7.929999999999998295e+01 4.000000000000000192e-04
7.939999999999997726e+01 4.000000000000000192e-04
7.949999999999998579e+01 4.000000000000000192e-04
7.959999999999998010e+01 4.000000000000000192e-04
7.969999999999998863e+01 4.000000000000000192e-04
7.979999999999998295e+01 4.000000000000000192e-04
7.989999999999997726e+01 4.000000000000000192e-04
7.999999999999998579e+01 4.000000000000000192e-04
8.009999999999998010e+01 4.000000000000000192e-04
8.019999999999998863e+01 4.000000000000000192e-04
8.029999999999998295e+01 4.000000000000000192e-04
8.039999999999997726e+01 4.000000000000000192e-04
8.049999999999998579e+01 4.000000000000000192e-04
8.059999999999998010e+01 4.000000000000000192e-04
8.069999999999998863e+01 4.000000000000000192e-04
8.079999999999998295e+01 4.000000000000000192e-04
8.089999999999997726e+01 4.000000000000000192e-04
8.099999999999998579e+01 4.000000000000000192e-04
8.109999999999998010e+01 4.000000000000000192e-04
8.119999999999998863e+01 4.000000000000000192e-04
8.129999999999998295e+01 4.000000000000000192e-04
8.139999999999997726e+01 4.000000000000000192e-04
8.149999999999998579e+01 4.000000000000000192e-04
8.159999999999998010e+01 4.000000000000000192e-04
8.169999999999998863e+01 4.000000000000000192e-04
8.179999999999998295e+01 4.000000000000000192e-04
8.189999999999997726e+01 4.000000000000000192e-04
8.199999999999998579e+01 4.000000000000000192e-04
8.209999999999998010e+01 4.000000000000000192e-04
8.219999999999998863e+01 4.000000000000000192e-04
8.229999999999998295e+01 4.000000000000000192e-04
8.239999999999997726e+01 4.000000000000000192e-04
8.249999999999998579e+01 4.000000000000000192e-04
8.259999999999998010e+01 4.000000000000000192e-04
8.269999999999997442e+01 4.000000000000000192e-04
8.279999999999998295e+01 4.000000000000000192e-04
8.289999999999997726e+01 4.000000000000000192e-04
8.299999999999998579e+01 4.000000000000000192e-04
8.309999999999998010e+01 4.000000000000000192e-04
8.319999999999997442e+01 4.000000000000000192e-04
8.329999999999998295e+01 4.000000000000000192e-04
8.339999999999997726e+01 4.000000000000000192e-04
8.349999999999998579e+01 4.000000000000000192e-04
8.359999999999998010e+01 4.000000000000000192e-04
8.369999999999997442e+01 4.000000000000000192e-04
8.379999999999998295e+01 4.000000000000000192e-04
8.389999999999997726e+01 4.000000000000000192e-04
8.399999999999998579e+01 4.000000000000000192e-04
8.409999999999998010e+01 4.000000000000000192e-04
8.419999999999997442e+01 4.000000000000000192e-04
8.429999999999998295e+01 4.000000000000000192e-04
8.439999999999997726e+01 4.000000000000000192e-04
8.449999999999998579e+01 4.000000000000000192e-04
8.459999999999998010e+01 4.000000000000000192e-04
8.469999999999997442e+01 4.000000000000000192e-04
8.479999999999998295e+01 4.000000000000000192e-04
8.489999999999997726e+01 4.000000000000000192e-04
8.499999999999998579e+01 4.000000000000000192e-04
8.509999999999998010e+01 4.000000000000000192e-04
8.519999999999997442e+01 4.000000000000000192e-04
8.529999999999998295e+01 4.000000000000000192e-04
8.539999999999997726e+01 4.000000000000000192e-04
8.549999999999998579e+01 4.000000000000000192e-04
8.559999999999998010e+01 4.000000000000000192e-04
8.569999999999997442e+01 4.000000000000000192e-04
8.579999999999998295e+01 4.000000000000000192e-04
8.589999999999997726e+01 4.000000000000000192e-04
8.599999999999998579e+01 4.000000000000000192e-04
8.609999999999998010e+01 4.000000000000000192e-04
8.619999999999997442e+01 4.000000000000000192e-04
8.629999999999998295e+01 4.000000000000000192e-04
8.639999999999997726e+01 4.000000000000000192e-04
8.649999999999998579e+01 4.000000000000000192e-04
8.659999999999998010e+01 4.000000000000000192e-04
8.669999999999997442e+01 4.000000000000000192e-04
8.679999999999998295e+01 4.000000000000000192e-04
8.689999999999997726e+01 4.000000000000000192e-04
8.699999999999998579e+01 4.000000000000000192e-04
8.709999999999998010e+01 4.000000000000000192e-04
8.719999999999997442e+01 4.000000000000000192e-04
8.729999999999998295e+01 4.000000000000000192e-04
8.739999999999997726e+01 4.000000000000000192e-04
8.749999999999998579e+01 4.000000000000000192e-04
8.759999999999998010e+01 4.000000000000000192e-04
8.769999999999997442e+01 4.000000000000000192e-04
8.779999999999998295e+01 4.000000000000000192e-04
8.789999999999997726e+01 4.000000000000000192e-04
8.799999999999998579e+01 4.000000000000000192e-04
8.809999999999998010e+01 4.000000000000000192e-04
8.819999999999997442e+01 4.000000000000000192e-04
8.829999999999998295e+01 4.000000000000000192e-04
8.839999999999997726e+01 4.000000000000000192e-04
8.849999999999998579e+01 4.000000000000000192e-04
8.859999999999998010e+01 4.000000000000000192e-04
8.869999999999997442e+01 4.000000000000000192e-04
8.879999999999998295e+01 4.000000000000000192e-04
8.889999999999997726e+01 4.000000000000000192e-04
8.899999999999998579e+01 4.000000000000000192e-04
8.909999999999998010e+01 4.000000000000000192e-04
8.919999999999997442e+01 4.000000000000000192e-04
8.929999999999998295e+01 4.000000000000000192e-04
8.939999999999997726e+01 4.000000000000000192e-04
8.949999999999998579e+01 4.000000000000000192e-04
8.959999999999998010e+01 4.000000000000000192e-04
8.969999999999997442e+01 4.000000000000000192e-04
8.979999999999998295e+01 4.000000000000000192e-04
8.989999999999997726e+01 4.000000000000000192e-04
8.999999999999998579e+01 4.000000000000000192e-04
9.009999999999998010e+01 4.000000000000000192e-04
9.019999999999997442e+01 4.000000000000000192e-04
9.029999999999998295e+01 4.000000000000000192e-04
9.039999999999997726e+01 4.000000000000000192e-04
9.049999999999998579e+01 4.000000000000000192e-04
9.059999999999998010e+01 4.000000000000000192e-04
9.069999999999997442e+01 4.000000000000000192e-04
9.079999999999998295e+01 4.000000000000000192e-04
9.089999999999997726e+01 4.000000000000000192e-04
9.099999999999998579e+01 4.000000000000000192e-04
9.109999999999998010e+01 4.000000000000000192e-04
9.119999999999997442e+01 4.000000000000000192e-04
9.129999999999998295e+01 4.000000000000000192e-04
9.139999999999997726e+01 4.000000000000000192e-04
9.149999999999998579e+01 4.000000000000000192e-04
9.159999999999998010e+01 4.000000000000000192e-04
9.169999999999997442e+01 4.000000000000000192e-04
9.179999999999998295e+01 4.000000000000000192e-04
9.189999999999997726e+01 4.000000000000000192e-04
9.199999999999998579e+01 4.000000000000000192e-04
9.209999999999998010e+01 4.000000000000000192e-04
9.219999999999997442e+01 4.000000000000000192e-04
9.229999999999998295e+01 4.000000000000000192e-04
9.239999999999997726e+01 4.000000000000000192e-04
9.249999999999998579e+01 4.000000000000000192e-04
9.259999999999998010e+01 4.000000000000000192e-04
9.269999999999997442e+01 4.000000000000000192e-04
9.279999999999998295e+01 4.000000000000000192e-04
9.289999999999997726e+01 4.000000000000000192e-04
9.299999999999998579e+01 4.000000000000000192e-04
9.309999999999998010e+01 4.000000000000000192e-04
9.319999999999997442e+01 4.000000000000000192e-04
9.329999999999998295e+01 4.000000000000000192e-04
9.339999999999997726e+01 4.000000000000000192e-04
9.349999999999998579e+01 4.000000000000000192e-04
9.359999999999998010e+01 4.000000000000000192e-04
9.369999999999997442e+01 4.000000000000000192e-04
9.379999999999998295e+01 4.000000000000000192e-04
9.389999999999997726e+01 4.000000000000000192e-04
9.399999999999998579e+01 4.000000000000000192e-04
9.409999999999998010e+01 4.000000000000000192e-04
9.419999999999997442e+01 4.000000000000000192e-04
9.429999999999998295e+01 4.000000000000000192e-04
9.439999999999997726e+01 4.000000000000000192e-04
9.449999999999998579e+01 4.000000000000000192e-04
9.459999999999998010e+01 4.000000000000000192e-04
9.469999999999997442e+01 4.000000000000000192e-04
9.479999999999998295e+01 4.000000000000000192e-04
9.489999999999997726e+01 4.000000000000000192e-04
9.499999999999997158e+01 4.000000000000000192e-04
9.509999999999998010e+01 4.000000000000000192e-04
9.519999999999997442e+01 4.000000000000000192e-04
9.529999999999998295e+01 4.000000000000000192e-04
9.539999999999997726e+01 4.000000000000000192e-04
9.549999999999997158e+01 4.000000000000000192e-04
9.559999999999998010e+01 4.000000000000000192e-04
9.569999999999997442e+01 4.000000000000000192e-04
9.579999999999998295e+01 4.000000000000000192e-04
9.589999999999997726e+01 4.000000000000000192e-04
9.599999999999997158e+01 4.000000000000000192e-04
9.609999999999998010e+01 4.000000000000000192e-04
9.619999999999997442e+01 4.000000000000000192e-04
9.629999999999998295e+01 4.000000000000000192e-04
9.639999999999997726e+01 4.000000000000000192e-04
9.649999999999997158e+01 4.000000000000000192e-04
9.659999999999998010e+01 4.000000000000000192e-04
9.669999999999997442e+01 4.000000000000000192e-04
9.679999999999998295e+01 4.000000000000000192e-04
9.689999999999997726e+01 4.000000000000000192e-04
9.699999999999997158e+01 4.000000000000000192e-04
9.709999999999998010e+01 4.000000000000000192e-04
9.719999999999997442e+01 4.000000000000000192e-04
9.729999999999998295e+01 4.000000000000000192e-04
9.739999999999997726e+01 4.000000000000000192e-04
9.749999999999997158e+01 4.000000000000000192e-04
9.759999999999998010e+01 4.000000000000000192e-04
9.769999999999997442e+01 4.000000000000000192e-04
9.779999999999998295e+01 4.000000000000000192e-04
9.789999999999997726e+01 4.000000000000000192e-04
9.799999999999997158e+01 4.000000000000000192e-04
9.809999999999998010e+01 4.000000000000000192e-04
9.819999999999997442e+01 4.000000000000000192e-04
9.829999999999998295e+01 4.000000000000000192e-04
9.839999999999997726e+01 4.000000000000000192e-04
9.849999999999997158e+01 4.000000000000000192e-04
9.859999999999998010e+01 4.000000000000000192e-04
9.869999999999997442e+01 4.000000000000000192e-04
9.879999999999998295e+01 4.000000000000000192e-04
9.889999999999997726e+01 4.000000000000000192e-04
9.899999999999997158e+01 4.000000000000000192e-04
9.909999999999998010e+01 4.000000000000000192e-04
9.919999999999997442e+01 4.000000000000000192e-04
9.929999999999998295e+01 4.000000000000000192e-04
9.939999999999997726e+01 4.000000000000000192e-04
9.949999999999997158e+01 4.000000000000000192e-04
9.959999999999998010e+01 4.000000000000000192e-04
9.969999999999997442e+01 4.000000000000000192e-04
9.979999999999998295e+01 4.000000000000000192e-04
9.989999999999997726e+01 4.000000000000000192e-04
9.999999999999997158e+01 4.000000000000000192e-04
1.000999999999999801e+02 4.000000000000000192e-04
1.001999999999999744e+02 4.000000000000000192e-04
1.002999999999999829e+02 4.000000000000000192e-04
1.003999999999999773e+02 4.000000000000000192e-04
1.004999999999999716e+02 4.000000000000000192e-04
1.005999999999999801e+02 4.000000000000000192e-04
1.006999999999999744e+02 4.000000000000000192e-04
1.007999999999999829e+02 4.000000000000000192e-04
1.008999999999999773e+02 4.000000000000000192e-04
